<c> 913.6 708.3 8.877 876.6 811.3 59.28 644.9 666.1 343.0 4.650 532.2 157.9 408.7 589.7 406.1 0.000 0.000 0.000
0.000 0.000 0.000 0.000 0.000 0.000 0.000 </c>
<A> 683.8 476.6 714.2 399.5 580.4 622.5 152.6 413.2 451.0 628.7 209.8 461.6 110.6 280.4 549.7 1.000 0.000 0.000
0.000 0.000 0.000 0.000 0.000 0.000 0.000
274.7 37.61 870.4 178.3 805.7 319.4 371.0 65.48 831.9 348.3 589.2 777.9 821.1 237.1 19.70 0.000 1.000 0.000 0.000
0.000 0.000 0.000 0.000 0.000 0.000
969.7 395.7 671.0 781.4 190.8 703.4 440.7 764.0 101.5 744.9 424.6 222.2 71.14 340.6 65.53 0.000 0.000 1.000 0.000 0.000
0.000 0.000 0.000 0.000 0.000
980.1 90.98 226.1 461.7 984.8 260.1 679.7 335.8 934.7 885.4 9.392 377.8 119.6 153.3 548.3 0.000 0.000 0.000 1.000
0.000 0.000 0.000 0.000 0.000 0.000
240.7 141.8 620.5 374.1 770.8 954.7 252.9 396.0 474.3 643.4 342.9 38.44 563.2 386.3 253.4 0.000 0.000 0.000 0.000
1.000 0.000 0.000 0.000 0.000 0.000
424.0 519.9 952.4 487.6 608.4 590.7 962.4 216.7 279.6 422.6 823.8 748.1 303.2 88.23 858.2 0.000 0.000 0.000 0.000 0.000
1.000 0.000 0.000 0.000 0.000
165.3 541.6 236.5 673.9 227.1 642.1 416.7 455.0 106.0 756.2 409.9 319.3 315.5 163.2 25.14 0.000 0.000 0.000 0.000 0.000
0.000 1.000 0.000 0.000 0.000
595.9 965.9 337.3 216.1 102.6 729.0 927.6 999.1 841.5 950.7 543.6 689.8 577.3 6.746 957.1 0.000 0.000 0.000 0.000 0.000
0.000 0.000 1.000 0.000 0.000
543.1 251.5 157.8 508.1 631.3 502.9 586.4 820.1 578.9 982.1 628.3 914.0 211.7 896.3 989.7 0.000 0.000 0.000 0.000 0.000
0.000 0.000 0.000 1.000 0.000
770.0 219.6 955.3 192.6 907.6 806.5 227.5 871.7 905.1 898.2 205.8 893.1 906.9 403.6 246.6 0.000 0.000 0.000 0.000 0.000 
0.000 0.000 0.000 0.000 1.000 </A>
<b> 324.7 311.1 82.76 62.10 743.5 102.2 512.9 255.1 120.5 645.3 </b>
<x0> 1 1 1 1 1 1 1 1 1 1 1 1 1 1 1 1 1 1 1 1 1 1 1 1 1 </x0>
<s0> 1 1 1 1 1 1 1 1 1 1 1 1 1 1 1 1 1 1 1 1 1 1 1 1 1 </s0>
